Mat 1 0 0 0 0 1 0 0 0 0 1 0 -0 -0 -3 1 
Mat 0.707107 0.707107 0 0 -0.707107 0.707107 0 0 0 0 1 0 -0 -0 -3 1 
Mat 4.63287e-05 1 0 0 -1 4.63287e-05 0 0 0 0 1 0 -0 -0 -3 1 
Mat -0.707104 0.70711 0 0 -0.70711 -0.707104 0 0 0 0 1 0 -0 -0 -3 1 
Mat -1 9.26574e-05 0 0 -9.26574e-05 -1 0 0 0 0 1 0 -0 -0 -3 1 
Mat -0.707107 -0.707106 0 0 0.707106 -0.707107 0 0 0 0 1 0 -0 -0 -3 1 
Mat 9.65599e-07 -1 0 0 1 9.65599e-07 0 0 0 0 1 0 -0 -0 -3 1 
Mat 0.707109 -0.707105 0 0 0.707105 0.707109 0 0 0 0 1 0 -0 -0 -3 1 
